12 0 26.802228596129883 37.28958446227575 
5 0 90.50501037764255 90.8116749344082 92.21183319084625 100 
6 9 1.3473452638627392 2.2705848826676203 22.824483145790715 24.50998124617542 34.28669408140032 37.51429891392868 
5 3 70.00204964386384 100 
7 1 55.417004340588605 74.37658041006577 
6 7 15.991500051513587 31.580681423839415 34.52922469691261 38.96489000188186 
0 8 98.00702895390442 100 
7 2 88.37897487045896 88.43224950613805 
0 2 87.32479046897582 87.81497098706814 89.74988578348281 94.94368340788559 
0 6 1.3745340718010575 5.366649383520722 20.883061535855823 34.72546942366968 
10 5 68.18120522345966 68.30774508741433 97.1010838104225 100 
6 4 11.15629463066069 20.025396934264016 
13 2 91.51014453612402 94.94368340788559 
9 13 31.86742981088178 31.87636582309487 
5 7 71.9580970562756 88.43224950613805 
4 10 88.87050514130867 100 
10 13 92.37737797143672 100 
9 0 0.9297731520785214 2.2705848826676203 36.14836379657414 44.24498583884778 
8 13 97.37045208283706 100 
3 0 14.30357695973741 38.74272649845046 
3 1 52.281264284333794 61.288346679286164 
3 7 58.840410143866016 61.288346679286164 69.41372625960014 88.43224950613805 
1 5 69.93911541103392 74.37658041006577 95.81154941150723 100 
1 9 49.392847258972786 63.13325303729901 
2 9 62.16813153516843 63.13325303729901 
0 12 26.802228596129883 37.28958446227575 
0 5 90.50501037764255 90.8116749344082 92.21183319084625 100 
9 6 1.3473452638627392 2.2705848826676203 22.824483145790715 24.50998124617542 34.28669408140032 37.51429891392868 
3 5 70.00204964386384 100 
1 7 55.417004340588605 74.37658041006577 
7 6 15.991500051513587 31.580681423839415 34.52922469691261 38.96489000188186 
8 0 98.00702895390442 100 
2 7 88.37897487045896 88.43224950613805 
2 0 87.32479046897582 87.81497098706814 89.74988578348281 94.94368340788559 
6 0 1.3745340718010575 5.366649383520722 20.883061535855823 34.72546942366968 
5 10 68.18120522345966 68.30774508741433 97.1010838104225 100 
4 6 11.15629463066069 20.025396934264016 
2 13 91.51014453612402 94.94368340788559 
13 9 31.86742981088178 31.87636582309487 
7 5 71.9580970562756 88.43224950613805 
10 4 88.87050514130867 100 
13 10 92.37737797143672 100 
0 9 0.9297731520785214 2.2705848826676203 36.14836379657414 44.24498583884778 
13 8 97.37045208283706 100 
0 3 14.30357695973741 38.74272649845046 
1 3 52.281264284333794 61.288346679286164 
7 3 58.840410143866016 61.288346679286164 69.41372625960014 88.43224950613805 
5 1 69.93911541103392 74.37658041006577 95.81154941150723 100 
9 1 49.392847258972786 63.13325303729901 
9 2 62.16813153516843 63.13325303729901 
