0 2 26.42284836674213 31.370672546862984 52.399105148503374 80.41206683462686 
2 5 75.77929590398148 90.29655014270881 
6 4 90.53992393702464 100.0 
5 8 74.82282625952246 75.61304700994472 
3 8 59.34925517493079 75.61304700994472 
9 6 35.86844093553039 44.366589142806795 
3 0 54.52519781573363 79.73349567329026 
0 1 23.863822474044515 25.160559466610902 
6 2 44.6890894123902 61.35534226382198 82.92690772790067 90.29655014270881 
1 3 56.28480941635639 79.73349567329026 
4 7 81.68006613089698 86.55141945299945 
2 7 52.49073257040008 86.55141945299945 
0 9 19.016632877584268 22.67319976189898 30.727350161612218 31.370672546862984 81.92135944064438 83.50541974915897 99.28829648357686 100.0 
1 8 38.63106480839467 75.61304700994472 
2 3 54.07400826577283 59.629901380901956 75.78026622745247 79.73349567329026 
7 1 48.193417313173406 83.62919116685474 
6 1 59.94215142732125 61.35534226382198 84.87161137882042 93.82458263820659 
7 5 76.31767987524688 86.55141945299945 
8 6 42.80254801228882 61.35534226382198 
2 0 26.42284836674213 31.370672546862984 52.399105148503374 80.41206683462686 
5 2 75.77929590398148 90.29655014270881 
4 6 90.53992393702464 100.0 
8 5 74.82282625952246 75.61304700994472 
8 3 59.34925517493079 75.61304700994472 
6 9 35.86844093553039 44.366589142806795 
0 3 54.52519781573363 79.73349567329026 
1 0 23.863822474044515 25.160559466610902 
2 6 44.6890894123902 61.35534226382198 82.92690772790067 90.29655014270881 
3 1 56.28480941635639 79.73349567329026 
7 4 81.68006613089698 86.55141945299945 
7 2 52.49073257040008 86.55141945299945 
9 0 19.016632877584268 22.67319976189898 30.727350161612218 31.370672546862984 81.92135944064438 83.50541974915897 99.28829648357686 100.0 
8 1 38.63106480839467 75.61304700994472 
3 2 54.07400826577283 59.629901380901956 75.78026622745247 79.73349567329026 
1 7 48.193417313173406 83.62919116685474 
1 6 59.94215142732125 61.35534226382198 84.87161137882042 93.82458263820659 
5 7 76.31767987524688 86.55141945299945 
6 8 42.80254801228882 61.35534226382198 
2 0 26.42284836674213 31.370672546862984 52.399105148503374 80.41206683462686 
5 2 75.77929590398148 90.29655014270881 
4 6 90.53992393702464 100.0 
8 5 74.82282625952246 75.61304700994472 
8 3 59.34925517493079 75.61304700994472 
6 9 35.86844093553039 44.366589142806795 
0 3 54.52519781573363 79.73349567329026 
1 0 23.863822474044515 25.160559466610902 
2 6 44.6890894123902 61.35534226382198 82.92690772790067 90.29655014270881 
3 1 56.28480941635639 79.73349567329026 
7 4 81.68006613089698 86.55141945299945 
7 2 52.49073257040008 86.55141945299945 
9 0 19.016632877584268 22.67319976189898 30.727350161612218 31.370672546862984 81.92135944064438 83.50541974915897 99.28829648357686 100.0 
8 1 38.63106480839467 75.61304700994472 
3 2 54.07400826577283 59.629901380901956 75.78026622745247 79.73349567329026 
1 7 48.193417313173406 83.62919116685474 
1 6 59.94215142732125 61.35534226382198 84.87161137882042 93.82458263820659 
5 7 76.31767987524688 86.55141945299945 
6 8 42.80254801228882 61.35534226382198 
0 2 26.42284836674213 31.370672546862984 52.399105148503374 80.41206683462686 
2 5 75.77929590398148 90.29655014270881 
6 4 90.53992393702464 100.0 
5 8 74.82282625952246 75.61304700994472 
3 8 59.34925517493079 75.61304700994472 
9 6 35.86844093553039 44.366589142806795 
3 0 54.52519781573363 79.73349567329026 
0 1 23.863822474044515 25.160559466610902 
6 2 44.6890894123902 61.35534226382198 82.92690772790067 90.29655014270881 
1 3 56.28480941635639 79.73349567329026 
4 7 81.68006613089698 86.55141945299945 
2 7 52.49073257040008 86.55141945299945 
0 9 19.016632877584268 22.67319976189898 30.727350161612218 31.370672546862984 81.92135944064438 83.50541974915897 99.28829648357686 100.0 
1 8 38.63106480839467 75.61304700994472 
2 3 54.07400826577283 59.629901380901956 75.78026622745247 79.73349567329026 
7 1 48.193417313173406 83.62919116685474 
6 1 59.94215142732125 61.35534226382198 84.87161137882042 93.82458263820659 
7 5 76.31767987524688 86.55141945299945 
8 6 42.80254801228882 61.35534226382198 
