5 7 47.654375402102914 55.46800279503132 86.50120761832456 96.51756037949488 
7 4 20.02590006283754 25.97957964784327 27.562930013367748 33.39858298908548 46.81232535871056 55.46800279503132 89.14218652166947 93.14353349522267 
7 0 53.243200997307675 55.46800279503132 
5 0 38.57045306057162 65.69364763145796 
1 5 34.94880940007197 64.85051201339003 88.23045229532943 90.3310719467752 91.59700880297702 92.43195257899498 92.93517915263575 100 
7 10 46.76583040552515 48.774350390362976 
11 4 90.47050670722884 93.14353349522267 
13 4 23.983439152747145 32.35564951059685 86.64898833146978 93.14353349522267 
13 0 37.801204380587215 57.183859462569046 
6 5 43.2548163868659 52.37920458587425 60.43802277087988 65.69364763145796 86.97729872140852 88.8487236315864 
1 7 19.004395331202318 33.68420217251255 79.43497175584463 82.22691129242558 86.09812141238554 94.79337296938155 
1 0 38.385932498830876 52.209253426500624 56.17723606151408 58.57152824097817 60.93237106024006 73.04013549443482 
13 5 20.358456906870508 55.968604654213266 92.13696544017236 100 
7 2 52.36657582858103 55.46800279503132 79.9960109506552 82.22691129242558 
6 9 82.73259901701341 88.8487236315864 
5 2 57.28551739587099 65.69364763145796 86.27321590328692 100 
8 9 34.56852623145108 38.00115310843021 
8 7 46.90412030964997 55.46800279503132 
10 13 29.980542920690997 48.774350390362976 95.92131140433415 100 
2 1 49.825544608944845 84.97219315435775 90.449254959981 100 
10 3 48.570092408137825 48.774350390362976 
2 8 51.66511360390297 65.90654777474518 
7 9 84.28444405346669 96.51756037949488 
4 9 35.845168080990085 38.00115310843021 89.3537078176033 91.03947991132488 91.94318502991324 93.14353349522267 
11 12 91.62289003876734 100 
3 4 12.9414970933256 13.399624034629847 29.25305897228746 39.36287579217078 88.78970117142694 92.9588428302675 
9 1 36.69718008266238 38.00115310843021 72.01646440110846 74.97090371795456 84.11636912056576 92.97326173072845 
2 3 50.027053296920634 52.19631019627161 87.88831642518156 100 
11 3 90.40466685242764 100 
13 2 55.21438025221634 57.183859462569046 87.19593096125648 100 
6 13 43.458078188108644 57.183859462569046 87.93088971947972 88.8487236315864 
7 5 47.654375402102914 55.46800279503132 86.50120761832456 96.51756037949488 
4 7 20.02590006283754 25.97957964784327 27.562930013367748 33.39858298908548 46.81232535871056 55.46800279503132 89.14218652166947 93.14353349522267 
0 7 53.243200997307675 55.46800279503132 
0 5 38.57045306057162 65.69364763145796 
5 1 34.94880940007197 64.85051201339003 88.23045229532943 90.3310719467752 91.59700880297702 92.43195257899498 92.93517915263575 100 
10 7 46.76583040552515 48.774350390362976 
4 11 90.47050670722884 93.14353349522267 
4 13 23.983439152747145 32.35564951059685 86.64898833146978 93.14353349522267 
0 13 37.801204380587215 57.183859462569046 
5 6 43.2548163868659 52.37920458587425 60.43802277087988 65.69364763145796 86.97729872140852 88.8487236315864 
7 1 19.004395331202318 33.68420217251255 79.43497175584463 82.22691129242558 86.09812141238554 94.79337296938155 
0 1 38.385932498830876 52.209253426500624 56.17723606151408 58.57152824097817 60.93237106024006 73.04013549443482 
5 13 20.358456906870508 55.968604654213266 92.13696544017236 100 
2 7 52.36657582858103 55.46800279503132 79.9960109506552 82.22691129242558 
9 6 82.73259901701341 88.8487236315864 
2 5 57.28551739587099 65.69364763145796 86.27321590328692 100 
9 8 34.56852623145108 38.00115310843021 
7 8 46.90412030964997 55.46800279503132 
13 10 29.980542920690997 48.774350390362976 95.92131140433415 100 
1 2 49.825544608944845 84.97219315435775 90.449254959981 100 
3 10 48.570092408137825 48.774350390362976 
8 2 51.66511360390297 65.90654777474518 
9 7 84.28444405346669 96.51756037949488 
9 4 35.845168080990085 38.00115310843021 89.3537078176033 91.03947991132488 91.94318502991324 93.14353349522267 
12 11 91.62289003876734 100 
4 3 12.9414970933256 13.399624034629847 29.25305897228746 39.36287579217078 88.78970117142694 92.9588428302675 
1 9 36.69718008266238 38.00115310843021 72.01646440110846 74.97090371795456 84.11636912056576 92.97326173072845 
3 2 50.027053296920634 52.19631019627161 87.88831642518156 100 
3 11 90.40466685242764 100 
2 13 55.21438025221634 57.183859462569046 87.19593096125648 100 
13 6 43.458078188108644 57.183859462569046 87.93088971947972 88.8487236315864 
