7 8 68.60381390121205 79.719696122442 
3 8 70.41089718708193 100 
13 0 60.566237537684444 66.61258767478886 
12 3 53.26420006934409 65.304547190172 87.59809891560803 100 
1 7 62.25474996541727 79.719696122442 
1 12 47.77004338249818 52.8020153247986 57.252683736914136 63.84570176725944 66.21175640182473 70.1131204334166 85.36940852710971 100 
4 6 57.0352046061502 58.937719787174046 
5 12 49.189194269558804 70.10970123028187 
13 4 38.11432122798657 58.937719787174046 
10 8 72.4047984590757 94.12644433123309 
10 4 55.90385231372524 58.937719787174046 
3 9 42.37502452324609 43.113230562865695 56.18363412885777 74.53614233439595 
9 10 56.844750749092604 61.151941146046454 72.14772267067353 74.53614233439595 76.96713310136465 80.43362586399856 
13 8 95.64179467196325 100 
10 2 76.02239437927346 94.12644433123309 
2 7 75.61133758629083 79.719696122442 
3 1 61.83343230261859 66.07529642788693 91.3572510681584 100 
6 8 90.54177689726413 100 
10 6 58.21501196472821 59.81188257953302 90.11781970568347 94.12644433123309 
9 2 38.78222928229806 38.98052067218947 73.96697048591115 74.53614233439595 78.88811962576555 80.43362586399856 
4 9 19.55638406832024 22.038587229492208 38.889983588195406 58.937719787174046 
13 5 48.224780585502714 49.25571668575496 50.17458005599787 50.51858373623379 51.99830904991912 52.12945503663333 56.75009679142086 66.61258767478886 
11 2 25.663944764876 30.844390921435476 
0 4 19.464723671803384 25.539542180380113 
8 7 68.60381390121205 79.719696122442 
8 3 70.41089718708193 100 
0 13 60.566237537684444 66.61258767478886 
3 12 53.26420006934409 65.304547190172 87.59809891560803 100 
7 1 62.25474996541727 79.719696122442 
12 1 47.77004338249818 52.8020153247986 57.252683736914136 63.84570176725944 66.21175640182473 70.1131204334166 85.36940852710971 100 
6 4 57.0352046061502 58.937719787174046 
12 5 49.189194269558804 70.10970123028187 
4 13 38.11432122798657 58.937719787174046 
8 10 72.4047984590757 94.12644433123309 
4 10 55.90385231372524 58.937719787174046 
9 3 42.37502452324609 43.113230562865695 56.18363412885777 74.53614233439595 
10 9 56.844750749092604 61.151941146046454 72.14772267067353 74.53614233439595 76.96713310136465 80.43362586399856 
8 13 95.64179467196325 100 
2 10 76.02239437927346 94.12644433123309 
7 2 75.61133758629083 79.719696122442 
1 3 61.83343230261859 66.07529642788693 91.3572510681584 100 
8 6 90.54177689726413 100 
6 10 58.21501196472821 59.81188257953302 90.11781970568347 94.12644433123309 
2 9 38.78222928229806 38.98052067218947 73.96697048591115 74.53614233439595 78.88811962576555 80.43362586399856 
9 4 19.55638406832024 22.038587229492208 38.889983588195406 58.937719787174046 
5 13 48.224780585502714 49.25571668575496 50.17458005599787 50.51858373623379 51.99830904991912 52.12945503663333 56.75009679142086 66.61258767478886 
2 11 25.663944764876 30.844390921435476 
4 0 19.464723671803384 25.539542180380113 
