10 8 19.878426137056497 24.1320941641333 64.8967631130064 68.88539079083769 
0 6 54.87746515065513 61.86949408259534 
10 9 22.278091723238155 24.1320941641333 
4 11 31.999687236753932 38.24357192361394 81.584398652186 100 
1 0 61.23866173149713 62.513125590706636 
1 9 61.39093478686634 62.513125590706636 77.7317161272031 95.37871915545995 
1 11 61.421135855314596 62.513125590706636 84.42937459514606 100 
8 1 13.455672503002031 18.579993255160478 72.63331316970945 78.13441189433178 89.32121451205022 100 
7 9 21.31293018103355 25.327848244670754 41.06847054468504 60.903666402994986 63.27663921740965 100 
2 4 32.80437360133133 33.57149700068622 76.66468557090026 79.42609013671806 89.25308792404718 96.97103941556651 
7 8 70.36273928961235 75.2753541877253 
5 9 53.91499554493517 63.8994770662073 88.0812366680568 100 
0 10 64.27905042707731 68.88539079083769 
0 3 64.70053005485087 88.42947958329005 
8 9 22.52581331493392 25.327848244670754 39.71262743583119 44.168890858398306 90.8182145981255 100 
11 10 64.40748199012464 68.88539079083769 
6 1 60.916407967138554 61.86949408259534 
0 7 59.41127040764964 94.48906117961505 
0 4 83.43201144567504 94.48906117961505 
3 9 24.192830891936 25.327848244670754 42.31388481515437 50.425124453022434 67.92667403302652 88.42947958329005 
8 0 72.59343557165808 94.48906117961505 
7 5 24.02708578529516 27.480982722876274 76.99328472475085 81.83786850826748 94.45611643044136 98.4474030268212 
6 9 56.69104208674378 61.86949408259534 
8 10 19.878426137056497 24.1320941641333 64.8967631130064 68.88539079083769 
6 0 54.87746515065513 61.86949408259534 
9 10 22.278091723238155 24.1320941641333 
11 4 31.999687236753932 38.24357192361394 81.584398652186 100 
0 1 61.23866173149713 62.513125590706636 
9 1 61.39093478686634 62.513125590706636 77.7317161272031 95.37871915545995 
11 1 61.421135855314596 62.513125590706636 84.42937459514606 100 
1 8 13.455672503002031 18.579993255160478 72.63331316970945 78.13441189433178 89.32121451205022 100 
9 7 21.31293018103355 25.327848244670754 41.06847054468504 60.903666402994986 63.27663921740965 100 
4 2 32.80437360133133 33.57149700068622 76.66468557090026 79.42609013671806 89.25308792404718 96.97103941556651 
8 7 70.36273928961235 75.2753541877253 
9 5 53.91499554493517 63.8994770662073 88.0812366680568 100 
10 0 64.27905042707731 68.88539079083769 
3 0 64.70053005485087 88.42947958329005 
9 8 22.52581331493392 25.327848244670754 39.71262743583119 44.168890858398306 90.8182145981255 100 
10 11 64.40748199012464 68.88539079083769 
1 6 60.916407967138554 61.86949408259534 
7 0 59.41127040764964 94.48906117961505 
4 0 83.43201144567504 94.48906117961505 
9 3 24.192830891936 25.327848244670754 42.31388481515437 50.425124453022434 67.92667403302652 88.42947958329005 
0 8 72.59343557165808 94.48906117961505 
5 7 24.02708578529516 27.480982722876274 76.99328472475085 81.83786850826748 94.45611643044136 98.4474030268212 
9 6 56.69104208674378 61.86949408259534 
