3 5 56.35241885637825 86.96128165180458 
3 1 84.75277347981506 89.65485288919196 91.91349174062388 99.67299969712721 
4 3 66.38830461464687 77.72417383674939 89.31168665622316 91.77506321968441 91.85091532249051 100.0 
0 3 63.86340810674349 81.27165555658776 85.60191459824773 88.45533324390874 98.33983537120798 100.0 
0 4 20.461649616797487 40.58872770297745 68.97255635957814 77.72417383674939 87.50135191009633 100.0 
5 1 19.103743355771396 53.497400780719815 
5 3 56.35241885637825 86.96128165180458 
1 3 84.75277347981506 89.65485288919196 91.91349174062388 99.67299969712721 
3 4 66.38830461464687 77.72417383674939 89.31168665622316 91.77506321968441 91.85091532249051 100.0 
3 0 63.86340810674349 81.27165555658776 85.60191459824773 88.45533324390874 98.33983537120798 100.0 
4 0 20.461649616797487 40.58872770297745 68.97255635957814 77.72417383674939 87.50135191009633 100.0 
1 5 19.103743355771396 53.497400780719815 
