4 1 58.51067902088869 92.02119665755635 
3 2 30.066900040240178 69.1274499599022 81.49450029381379 90.01182075351332 
6 0 7.019389720967818 7.6756378286387426 19.183559836963102 21.858121399769864 
6 1 72.13340058339028 79.96710253478658 88.84119756031919 92.02119665755635 
3 4 54.44303181777067 68.04041227484754 70.95868453710477 73.50359888373906 
1 5 54.278643052149015 58.436696135020085 
2 6 29.60435405774298 43.20861816893123 
5 3 41.18266119186523 58.436696135020085 
2 4 61.55169819227122 69.56169995221181 69.5706245894795 100 


1 4 58.51067902088869 92.02119665755635 
2 3 30.066900040240178 69.1274499599022 81.49450029381379 90.01182075351332 
0 6 7.019389720967818 7.6756378286387426 19.183559836963102 21.858121399769864 
1 6 72.13340058339028 79.96710253478658 88.84119756031919 92.02119665755635 
4 3 54.44303181777067 68.04041227484754 70.95868453710477 73.50359888373906 
5 1 54.278643052149015 58.436696135020085 
6 2 29.60435405774298 43.20861816893123 
3 5 41.18266119186523 58.436696135020085 
4 2 61.55169819227122 69.56169995221181 69.5706245894795 100 
